-258 -161
-258.282 -161.419
-258.575 -161.865
-258.887 -162.341
-259.166 -162.767
-259.484 -163.254
-259.78 -163.706
-260.097 -164.195
-260.375 -164.619
-260.669 -165.067
-260.981 -165.543
-261.309 -166.043
-261.649 -166.562
-261.995 -167.089
-262.343 -167.624
-262.69 -168.153
-263.037 -168.685
-263.385 -169.215
-263.731 -169.747
-264.078 -170.278
-264.425 -170.809
-264.773 -171.34
-265.121 -171.87
-265.469 -172.4
-265.817 -172.931
-266.164 -173.462
-266.511 -173.993
-266.859 -174.524
-267.205 -175.055
-267.553 -175.586
-267.9 -176.117
-268.248 -176.648
-268.597 -177.178
-268.943 -177.709
-269.291 -178.24
-269.638 -178.771
-269.985 -179.302
-270.333 -179.833
-270.68 -180.364
-271.027 -180.895
-271.375 -181.425
-271.722 -181.956
-272.07 -182.487
-272.417 -183.018
-272.765 -183.549
-273.111 -184.08
-273.458 -184.611
-273.805 -185.142
-274.152 -185.674
-274.5 -186.205
-274.847 -186.735
-275.193 -187.267
-275.54 -187.798
-275.886 -188.33
-276.235 -188.86
-276.582 -189.392
-276.93 -189.922
-277.277 -190.453
-277.625 -190.984
-277.972 -191.515
-278.319 -192.046
-278.666 -192.577
-279.013 -193.108
-279.36 -193.639
-279.708 -194.17
-280.055 -194.701
-280.401 -195.232
-280.748 -195.764
-281.097 -196.295
-281.445 -196.825
-281.79 -197.357
-282.138 -197.887
-282.485 -198.418
-282.833 -198.949
-283.18 -199.48
-283.527 -200.011
-283.875 -200.542
-284.223 -201.072
-284.569 -201.604
-284.918 -202.134
-285.267 -202.667
-285.616 -203.205
-285.953 -203.744
-286.276 -204.306
-286.501 -204.754
-286.762 -205.358
-286.924 -205.833
-287.053 -206.32
-287.153 -206.839
-287.2 -207.356
-287.201 -207.906
-287.149 -208.44
-287.07 -208.952
-286.932 -209.459
-286.722 -209.932
-286.398 -210.507
-286.046 -211.044
-285.648 -211.512
-285.2 -211.903
-284.745 -212.259
-284.287 -212.569
-283.819 -212.841
-283.331 -213.085
-282.835 -213.301
-282.264 -213.473
-281.752 -213.558
-281.161 -213.626
-280.577 -213.678
-279.958 -213.742
-279.333 -213.833
-278.725 -213.961
-278.128 -214.117
-277.528 -214.3
-276.932 -214.492
-276.327 -214.687
-275.723 -214.883
-275.125 -215.078
-274.528 -215.281
-273.95 -215.501
-273.383 -215.75
-272.839 -216.038
-272.332 -216.357
-271.833 -216.738
-271.376 -217.134
-270.92 -217.567
-270.472 -218.009
-270.026 -218.453
-269.576 -218.901
-269.126 -219.349
-268.677 -219.797
-268.227 -220.245
-267.778 -220.692
-267.329 -221.141
-266.879 -221.588
-266.43 -222.036
-265.98 -222.484
-265.531 -222.931
-265.081 -223.38
-264.631 -223.827
-264.182 -224.274
-263.732 -224.722
-263.282 -225.169
-262.831 -225.616
-262.381 -226.063
-261.933 -226.511
-261.483 -226.959
-261.034 -227.407
-260.584 -227.854
-260.134 -228.302
-259.685 -228.75
-259.235 -229.197
-258.786 -229.645
-258.336 -230.093
-257.886 -230.54
-257.438 -230.989
-256.988 -231.436
-256.539 -231.885
-256.089 -232.332
-255.64 -232.78
-255.19 -233.228
-254.741 -233.675
-254.291 -234.123
-253.842 -234.571
-253.392 -235.019
-252.942 -235.466
-252.493 -235.914
-252.044 -236.362
-251.594 -236.81
-251.144 -237.257
-250.695 -237.705
-250.246 -238.153
-249.796 -238.6
-249.346 -239.048
-248.896 -239.495
-248.446 -239.942
-247.996 -240.39
-247.547 -240.838
-247.096 -241.285
-246.647 -241.733
-246.197 -242.18
-245.748 -242.628
-245.298 -243.075
-244.848 -243.523
-244.399 -243.971
-243.949 -244.418
-243.499 -244.865
-243.05 -245.313
-242.6 -245.761
-242.15 -246.208
-241.7 -246.655
-241.25 -247.103
-240.8 -247.55
-240.351 -247.998
-239.901 -248.445
-239.451 -248.893
-239.001 -249.34
-238.552 -249.788
-238.102 -250.235
-237.652 -250.683
-237.201 -251.133
-236.742 -251.583
-236.272 -252.028
-235.778 -252.453
-235.258 -252.845
-234.718 -253.192
-234.146 -253.502
-233.571 -253.78
-232.992 -254.037
-232.413 -254.286
-231.832 -254.536
-231.248 -254.785
-230.665 -255.034
-230.081 -255.283
-229.498 -255.533
-228.915 -255.783
-228.331 -256.032
-227.748 -256.282
-227.165 -256.532
-226.582 -256.782
-225.998 -257.031
-225.416 -257.281
-224.832 -257.53
-224.249 -257.78
-223.665 -258.029
-223.082 -258.279
-222.498 -258.528
-221.915 -258.777
-221.331 -259.025
-220.748 -259.275
-220.164 -259.524
-219.581 -259.774
-218.998 -260.023
-218.414 -260.272
-217.831 -260.522
-217.248 -260.772
-216.664 -261.024
-216.089 -261.276
-215.507 -261.533
-214.926 -261.788
-214.346 -262.043
-213.764 -262.299
-213.174 -262.561
-212.591 -262.815
-212.038 -263.06
-211.489 -263.329
-210.938 -263.586
-210.39 -263.86
-209.822 -264.108
-209.259 -264.34
-208.818 -264.625
-208.377 -265.024
-208.008 -265.488
-207.613 -265.896
-207.2 -266.317
-206.854 -266.824
-206.484 -267.348
-206.031 -267.805
-205.543 -268.247
-205.155 -268.714
-205.155 -268.714
-204.443 -268.839
-203.731 -268.964
-203.019 -269.089
-202.307 -269.214
-201.595 -269.339
-200.883 -269.464
-200.171 -269.589
-199.459 -269.714
-198.747 -269.839
-198.035 -269.964
-197.323 -270.089
-196.611 -270.214
-195.899 -270.339
-195.187 -270.464
-194.475 -270.589
-193.763 -270.714
-193.051 -270.839
-192.339 -270.964
-191.627 -271.089
-190.915 -271.214
-190.203 -271.339
-189.491 -271.464
-188.779 -271.589
-188.067 -271.714
-187.355 -271.839
-186.643 -271.964
-185.931 -272.089
-185.219 -272.214
-184.507 -272.339
-183.795 -272.464
-183.083 -272.589
-182.371 -272.714
-181.659 -272.839
-180.947 -272.964
-180.235 -273.089
-179.523 -273.214
-178.811 -273.339
-178.099 -273.464
-177.387 -273.589
-176.675 -273.714
-175.963 -273.839
-175.251 -273.964
-174.539 -274.089
-173.827 -274.214
-173.115 -274.33
